rho_u =  1.120977445930984e+00
rho_s =  8.920786083866357e-01
v_u = ( 9.262120107803046e-02,  9.957014176503231e-01)
v_s = (-9.262120107896256e-02,  9.957014176502363e-01)
