rho_u =  1.120977445931949e+00
rho_s =  8.920786083875887e-01
v_u = ( 4.095442691763455e-02,  9.991610155104371e-01)
v_s = ( 4.095442691736628e-02, -9.991610155104482e-01)
