rho_u =  2.184909831091738e+00
rho_s =  4.576847912428400e-01
v_u = ( 3.984148345079495e-02, -9.992060128904549e-01)
v_s = ( 6.647458974995526e-01, -7.470695360925342e-01)
