rho_u =  2.456896843840451e+00
rho_s =  4.070174952734409e-01
v_u = (-1.557467854411006e-02, -9.998787073381689e-01)
v_s = (-1.557467855180090e-02,  9.998787073380491e-01)
