rho_u =  2.459496707950735e+00
rho_s =  4.065922619080398e-01
v_u = ( 9.967988588955081e-01, -7.995020265523277e-02)
v_s = ( 9.942211007636049e-01,  1.073517712774490e-01)
